0	file:/C:/corpora/AI-articles/WoS-Core-corpus/WoS-Core-full-corpus_AI-tokenized-dehyphenated-uncompounded/10-gatrell-c-et_al-here-there-and-everywhere.txt	0.02395372096323292	1.1516041039244356E-5	1.6912737974487156E-5	8.123642762761338E-4	0.22966054348358986	0.016902470695502818	2.8929103034637483E-5	4.150423212181122E-4	2.718133252870876E-5	0.3258746298927426	2.9598043788778014E-5	0.007867712122677829	9.180372759904092E-6	0.004737134168433176	1.819912545413075E-5	0.3895094987282046	8.465743597490356E-6	2.0045534007822444E-5	2.4713660740364412E-5	5.408597014122998E-5	1.271181535343111E-5	5.343867701644979E-6
1	file:/C:/corpora/AI-articles/WoS-Core-corpus/WoS-Core-full-corpus_AI-tokenized-dehyphenated-uncompounded/100-yin-y-et_al-AI-can-help-people-feel-heard.txt	1.8611225871404624E-5	7.402193733624184E-6	1.0871041760492997E-5	0.09405175381221713	0.041232711030174375	2.408562393019637E-5	1.8594829983031476E-5	1.4676446621459032E-5	1.747141128013602E-5	0.38038792180716596	0.030775385428612058	7.714260926267513E-4	5.900890547725521E-6	0.005565912427330525	2.6379921274576225E-4	0.00633189428246972	5.441546621296518E-6	1.288471669336722E-5	0.36480649034155405	0.07566515994270853	8.170804500565556E-6	3.434890851780838E-6
2	file:/C:/corpora/AI-articles/WoS-Core-corpus/WoS-Core-full-corpus_AI-tokenized-dehyphenated-uncompounded/101-atkinson-cj-et_al-AI-language-model-performance-for-rapid-intraoperative-queries-in-plastic-surgery.txt	3.4010125005541686E-5	1.352675723433127E-5	1.9865724685169644E-5	4.935146163258625E-4	0.21770166281803213	0.006954357296818249	3.398016318481044E-5	9.481988176174611E-4	3.1927229606816397E-5	0.2643755622779581	0.47915189896788707	2.7634180260850948E-5	1.0783278143999972E-5	3.59695289362661E-5	0.024898612472492112	0.0051212399794149455	9.943873772341153E-6	2.3545511103365928E-5	2.902869901794552E-5	6.35294529943524E-5	1.493131534591946E-5	6.276914162271738E-6
3	file:/C:/corpora/AI-articles/WoS-Core-corpus/WoS-Core-full-corpus_AI-tokenized-dehyphenated-uncompounded/102-liu-gl-et_al-exploring-AI-mediated-informal-digital-learning-of-english.txt	0.029660863595644793	5.544537273879068E-6	8.142842299999921E-6	1.3454798879383033E-5	0.10490782984025344	1.8041089500128932E-5	1.3928266626423935E-5	0.38277731819708605	1.3086781372656192E-5	0.19749557236078005	1.4250336245028934E-5	1.1327085999629535E-5	4.4200015249973636E-6	1.47436958064738E-5	8.762189114172378E-6	0.030046583688943924	4.075934669512806E-6	9.651164849311342E-6	1.1898690937449404E-5	0.2549518117751569	6.120257283347762E-6	2.572869752502482E-6
4	file:/C:/corpora/AI-articles/WoS-Core-corpus/WoS-Core-full-corpus_AI-tokenized-dehyphenated-uncompounded/103-rasheed-hmw-et_al-what-drives-the-adoption-of-AI-among-consumers-in-the-hospitality-sector.txt	1.9302213997131656E-5	7.677018616713913E-6	1.1274656268354344E-5	0.39874696878999494	0.27990889198936564	2.4979862721960412E-5	2.807464153695948E-4	2.766825522640441E-4	1.8120080949596977E-5	0.16076445288323565	1.9731150002889546E-5	1.5683590135094856E-5	6.119975809914405E-6	0.007864250440277186	1.21322097101906E-5	0.01441081781202099	5.643577595875312E-6	1.336309389968295E-5	1.647503972453528E-5	0.13756465006233498	8.47416597318099E-6	3.562419731831437E-6
5	file:/C:/corpora/AI-articles/WoS-Core-corpus/WoS-Core-full-corpus_AI-tokenized-dehyphenated-uncompounded/104-zhu-w-eet_al-could-AI-ethical-anxiety-perceived-ethical-risks.txt	0.10057093485871399	3.7187496359401784E-6	5.461446166355677E-6	0.016727071056315067	0.10405161790959223	0.019136532636952162	0.002415727291940677	0.007986441040216482	2.6208111170877293E-4	0.17805596829883585	9.557773733956922E-6	7.597134775489682E-6	2.964517731601327E-6	9.88867252656746E-6	5.876845256659415E-6	1.4750705127838103E-5	2.5603749052965447E-4	5.130805662610368E-4	2.612842533497888E-4	0.569697577115664	4.1048880041862485E-6	1.7256369617200244E-6
6	file:/C:/corpora/AI-articles/WoS-Core-corpus/WoS-Core-full-corpus_AI-tokenized-dehyphenated-uncompounded/105-robertson-j-et_al-game-changers.txt	0.04406615598758408	5.483785143710049E-4	1.165244230910704E-5	0.01704324799302598	0.29442217194592735	2.5816876570689717E-5	1.9931409371672025E-5	1.573137619439011E-5	1.8727240358906913E-5	0.22262769978963254	8.31058678952408E-4	1.620910872128501E-5	6.325041168511567E-6	0.023530423502649563	1.2538730260609411E-5	0.39644733487067163	5.83268002036435E-6	2.840329872138978E-4	1.702707784265026E-5	3.7263845023406316E-5	8.758114462207214E-6	3.681787667665131E-6
7	file:/C:/corpora/AI-articles/WoS-Core-corpus/WoS-Core-full-corpus_AI-tokenized-dehyphenated-uncompounded/106-zhang-j-et_al-AI-co-pilot-bronchscope-robot.txt	1.4666147883225439E-5	0.0011978089441564029	0.00815373474922592	1.4155115922114121E-5	0.06388118471594392	1.898012118389027E-5	1.4653227481032755E-5	1.1565435723463038E-5	0.05047407748201141	0.29935861518913276	1.4992060697880802E-5	1.1916656415444253E-5	4.650060883342451E-6	1.5511099432397782E-5	0.49825510929394495	0.0010164507297875905	0.0037788781690903275	0.06854876291710986	1.2518013167709888E-5	2.7395734429196398E-5	0.005171667349755907	2.7067866213131906E-6
8	file:/C:/corpora/AI-articles/WoS-Core-corpus/WoS-Core-full-corpus_AI-tokenized-dehyphenated-uncompounded/107-bower-m-et_al-how-should-we-change-teaching-and-assessment.txt	0.4375682284048211	4.235923743811464E-6	6.220980640382711E-6	1.0279217043032462E-5	0.10914502466573715	1.3783058098977918E-5	0.0010205001682891473	0.014723490279783105	9.998058486803318E-6	0.3440546021992944	1.0886992850060466E-5	8.653683826794247E-6	1.4764240364794647E-4	0.0010211231410738092	6.694150130678453E-6	0.024541954860423692	3.113938565469224E-6	1.516389155007227E-4	0.0023173400494884942	0.06522794752057191	4.675763163664373E-6	1.9656248188110378E-6
9	file:/C:/corpora/AI-articles/WoS-Core-corpus/WoS-Core-full-corpus_AI-tokenized-dehyphenated-uncompounded/108-yang-j-et_al-chat-generative-pretrained-transformer-chatgpt-and-bard.txt	2.460272412333407E-5	9.785176516268E-6	1.4370748236288405E-5	2.3745458912486957E-5	0.02551309796523793	0.012695723592809	2.4581049918679915E-5	1.9401224284391724E-5	2.3095969859295046E-5	0.19624662630742906	0.745194750800598	1.9990403246721947E-5	7.800559900287956E-6	2.6020145386735313E-5	1.5463791280658768E-5	0.016035298832855958	7.193339721577132E-6	3.502927919979247E-4	2.0999189902461147E-5	0.0037118180194643056	1.0801225581920206E-5	4.540682736539696E-6
10	file:/C:/corpora/AI-articles/WoS-Core-corpus/WoS-Core-full-corpus_AI-tokenized-dehyphenated-uncompounded/109-tananton-t-&-wongras-p-a-utaut-based-framework-for-analyzing.txt	1.1402050340190545E-5	4.53490738126516E-6	6.660075282515493E-6	0.0038722118582390297	0.2402529723652788	0.006656032125748953	0.01730959983410226	8.991432608966867E-6	0.010049842222063225	0.12801743184879968	1.1655428006146302E-5	1.637127698155672E-4	3.6151434377300927E-6	0.07383833878940876	7.166642431479528E-6	0.002798057172618071	3.3337292735695565E-6	7.8937405505669E-6	0.020088008948349178	0.4968814287600845	5.00579192789479E-6	2.104364251751959E-6
11	file:/C:/corpora/AI-articles/WoS-Core-corpus/WoS-Core-full-corpus_AI-tokenized-dehyphenated-uncompounded/11-chen-x-et_al-application-of-artificial-intelligence-in-maritime-transportation.txt	6.54089308563049E-5	2.601492139491489E-5	0.40582944128033505	6.312980108918156E-5	0.15465794774126213	8.464863739587067E-5	0.043479697424660485	5.158019621664034E-5	0.052335819819171764	0.15936541669580404	6.686245559427366E-5	5.3146590483220624E-5	2.073860929385797E-5	6.917729443048884E-5	0.016875246324883707	1.031901773412232E-4	0.001791138377777948	0.029283516281977468	0.014231941573737307	1.221810739469314E-4	0.12141168390950755	1.2071882839715954E-5
12	file:/C:/corpora/AI-articles/WoS-Core-corpus/WoS-Core-full-corpus_AI-tokenized-dehyphenated-uncompounded/110-zhi-r-&-wang-y-on-the-relationship-between-efl-students-attitudes-toward-AI.txt	0.005485189699609784	4.8695919341801145E-6	7.151601157446763E-6	1.1816924814939625E-5	0.18716747978685033	1.5844918984950007E-5	1.2232756580188408E-5	0.6153014805310953	1.149370666455639E-5	0.07245338864252138	1.251562015194074E-5	9.948221807691204E-6	3.881947710333027E-6	1.2948922269392599E-5	7.695553898997064E-6	3.510093156856348E-4	3.579764660328183E-6	8.476313204179968E-6	1.045024436742012E-5	0.11910091103717362	5.375228631341941E-6	2.2596702259549712E-6
13	file:/C:/corpora/AI-articles/WoS-Core-corpus/WoS-Core-full-corpus_AI-tokenized-dehyphenated-uncompounded/111-zhou-w-et_al-AI-green-technological-progress.txt	1.3157881729969727E-5	5.233249564661766E-6	7.685677598803612E-6	1.2699404278489234E-5	0.05321230576043726	1.702820616201217E-5	0.8038402654670873	1.8860822390516721E-4	3.6881640283085483E-4	0.13365082716667595	1.3450277681767103E-5	1.0691147871926192E-5	4.1718487790621185E-6	7.26844647294804E-4	8.270252340669323E-6	2.0758085040913632E-5	3.8470989157756225E-6	9.10931819037116E-6	0.0033976420279372603	2.4578358025239678E-5	0.0019663305960597034	0.0024976789015921457
14	file:/C:/corpora/AI-articles/WoS-Core-corpus/WoS-Core-full-corpus_AI-tokenized-dehyphenated-uncompounded/112-lan-yj-&-chen-ns-teachers-agency-in-the-era-of-llm-and-generative-AI.txt	0.5122624436534416	7.957911096090191E-6	1.168718179570404E-5	1.9311276669079792E-5	0.096365570570296	2.58938445584997E-5	1.999083098564435E-5	0.006791471863471768	5.608385589570911E-4	0.3785903179235019	2.0453088026224607E-5	1.625743302105282E-5	0.004884843280862229	2.116119247830948E-5	2.8360385553182843E-4	3.156566359765168E-5	5.85006901951294E-6	1.3852032739748789E-5	1.7077840757995358E-5	3.7374939917541224E-5	8.784225074206301E-6	3.6927642003044636E-6
15	file:/C:/corpora/AI-articles/WoS-Core-corpus/WoS-Core-full-corpus_AI-tokenized-dehyphenated-uncompounded/113-ye-c-et_al-doctor-versus-AI-patient-and-physician-evaluation.txt	4.384758566256994E-5	1.743938449130912E-5	2.561190424145966E-5	4.231974632332746E-5	0.021712299038077452	5.674513144985136E-5	4.380895735700195E-5	3.457734352927887E-5	4.116221081002535E-5	0.2761064987655603	0.6717959803418768	3.562739290152934E-5	1.3902351492836752E-5	4.637374902380475E-5	2.7559952688478983E-5	0.013729896707198841	1.2820148616903525E-5	0.001218244946561106	6.313697146300664E-4	0.014336571897659394	1.9250212358183633E-5	8.092517489481803E-6
16	file:/C:/corpora/AI-articles/WoS-Core-corpus/WoS-Core-full-corpus_AI-tokenized-dehyphenated-uncompounded/114-kryak-ys-et_al-chatgpt-for-generating-multiple-choice-questions.txt	0.0794292817065037	1.4214338965106219E-5	0.0014731964289076958	3.449360379988549E-5	0.056909732721902	0.00295089312880987	3.57074167319746E-5	0.015035499012752643	0.00245408497162614	0.40997530008517785	0.4100751352649961	2.9038859679808686E-5	1.1331405453541779E-5	5.219048727177213E-4	0.02083906295988827	5.6382263714403535E-5	1.0449333123799083E-5	2.47423584331416E-5	3.0504263542918738E-5	6.675873333762473E-5	1.569029249546401E-5	6.595977440251381E-6
17	file:/C:/corpora/AI-articles/WoS-Core-corpus/WoS-Core-full-corpus_AI-tokenized-dehyphenated-uncompounded/115-shin-d-et_al-impact-of-misinformation-form-generative-AI.txt	1.3155536989969755E-5	5.23231699741151E-6	7.684308007857087E-6	0.0033985050481457023	0.090624910697529	0.019440870532401802	1.3143947387142583E-5	1.03741976882122E-5	0.0010815523442062472	0.2667427213999207	1.344788083668684E-5	1.0689242704926261E-5	4.171105353873562E-6	1.3913458664316351E-5	8.268778578260524E-6	0.408277907792385	3.84641336114785E-6	9.107694906078766E-6	0.004109838231325804	0.20620245546713242	5.775617446573332E-6	2.4279880309518332E-6
18	file:/C:/corpora/AI-articles/WoS-Core-corpus/WoS-Core-full-corpus_AI-tokenized-dehyphenated-uncompounded/116-abulibdeh-a-et_al-navigating-the-confluence-of-AI-and-education.txt	0.304271972970583	3.680987119833506E-6	5.405987216705094E-6	0.0012625902411320562	0.5632127453130136	1.1977377876166219E-5	0.01091606867745037	0.0028907110057621345	0.003142832430094889	0.0739494099784807	9.460718105074493E-6	7.5199887042534396E-6	2.934414159286003E-6	0.005400516262730336	5.8171680841183515E-6	0.007536546972081624	2.7059901085781243E-6	0.0017615281002112157	0.006652285155805744	0.0035275295306486827	0.012540639962505104	0.00288512076812662
19	file:/C:/corpora/AI-articles/WoS-Core-corpus/WoS-Core-full-corpus_AI-tokenized-dehyphenated-uncompounded/117-shahzad-mf-et_al-AI-and-social-media-on-academic-performance-and-mental-well-being.txt	0.17229638044991166	4.512604532393837E-6	6.627320776191675E-6	1.0950631839304627E-5	0.24906116461223532	0.05411310629317943	0.007695771058364801	0.01722208178976865	0.00877090709892252	0.0815886041246768	1.1598106163052971E-5	9.218922535077881E-6	3.597364023298622E-6	0.015073492398313914	7.131396608439255E-6	4.7896569610089994E-4	0.005689799292460588	7.854918831019541E-6	9.684142066615093E-6	0.38793147659053195	4.981173250717312E-6	2.0940149074476118E-6
20	file:/C:/corpora/AI-articles/WoS-Core-corpus/WoS-Core-full-corpus_AI-tokenized-dehyphenated-uncompounded/118-kim-k-&-kwon-k-tangible-computing-tools-in-AI-education.txt	0.43006807499106575	5.254790738926875E-6	7.71731349127456E-6	1.2751677742088842E-5	0.158305308897237	1.7098297899817876E-5	1.3200403002545152E-5	0.07929227655376214	1.2402892101270488E-5	0.24337011211315066	1.350564190085834E-5	1.0735154922718944E-5	4.18902100072804E-6	1.3973219468900867E-5	8.304294467780892E-6	2.0843529757767144E-5	3.862934397561058E-6	9.146814091942557E-6	1.1276888918760654E-5	0.08879172572944463	5.800424761124445E-6	2.4384166757447625E-6
21	file:/C:/corpora/AI-articles/WoS-Core-corpus/WoS-Core-full-corpus_AI-tokenized-dehyphenated-uncompounded/119-hashmi-n-&-bal-as-generative-AI-in-higher-education-and-beyond.txt	0.2521074208480392	1.1439765739547495E-5	1.6800718214110965E-5	0.005871933517930327	0.2947629818967628	0.002764503964833378	2.8737494130465572E-5	2.2681804513681865E-5	2.700129980064518E-5	0.19553404077929798	2.9402004225117513E-5	0.009374047258271487	9.119567516052986E-6	0.052238364555751884	1.8078585440118637E-5	0.18589007511935485	8.409671625546626E-6	1.991276449885492E-5	0.001193384553591938	5.37277373450929E-5	1.2627619966972348E-5	5.3084731498980455E-6
22	file:/C:/corpora/AI-articles/WoS-Core-corpus/WoS-Core-full-corpus_AI-tokenized-dehyphenated-uncompounded/12-walter-y-embracing-the-future-of-artificial-intelligence-in-the-classroom.txt	0.3383438521031471	4.261746327013865E-6	0.0010222743303129318	1.0341880101529925E-5	0.2809364095884909	0.003787638663178023	8.815761709114759E-4	0.015538971343560762	1.5520406843368714E-4	0.25253342664587214	1.0953360966130865E-5	0.004943638506621266	3.3973845488055513E-6	0.0027690887325364775	6.734958289458779E-6	0.08811995648325287	3.1329214231779993E-6	1.5256332036470545E-4	0.004944077864339309	0.0058258180528239206	4.704267048679972E-6	1.977607449636866E-6
23	file:/C:/corpora/AI-articles/WoS-Core-corpus/WoS-Core-full-corpus_AI-tokenized-dehyphenated-uncompounded/120-bai-l-et_al-AI-enabled-organoids.txt	7.237217573448094E-6	0.4477190428938476	0.014022929232965725	6.985041642931354E-6	0.2065117631763519	0.013145771972404695	7.230841818713487E-6	5.707127415383941E-6	0.015692054838179634	0.16370209131495295	7.398043849605687E-6	5.880442220635042E-6	0.005590168816794383	7.6541708354138E-6	0.0136311192447639	1.1417550403044684E-5	0.07342874338136142	0.03862996523882145	6.1771901935902534E-6	0.0010918804952346865	0.006767446066325021	1.3357020438712355E-6
24	file:/C:/corpora/AI-articles/WoS-Core-corpus/WoS-Core-full-corpus_AI-tokenized-dehyphenated-uncompounded/121-murugan-m-et_al-empowering-personalized-pharmacogenomics-with-generative-AI-solutions.txt	2.4239215758630407E-5	0.07355693767043711	1.4158418611131704E-5	2.3394616749840848E-5	0.1922592378599941	0.09032380965934163	2.421786179309492E-5	1.9114568738545913E-5	2.2754723979663582E-5	0.2455525050249329	0.3401810268164187	1.969504250709187E-5	7.685305639868993E-6	2.5635694443357346E-5	1.523531180609442E-5	0.056840393716708994	7.0870572161992655E-6	1.6781023994728616E-5	0.0010056973671293311	4.5277814118794365E-5	1.0641636106039553E-5	4.4735935740582035E-6
25	file:/C:/corpora/AI-articles/WoS-Core-corpus/WoS-Core-full-corpus_AI-tokenized-dehyphenated-uncompounded/122-bayareh-m-&-baghoolizadeh-m-an-overview-of-the-magnetic-field-effect.txt	7.633852926340778E-6	3.0361921716069973E-6	0.013757399504278367	7.367856506364317E-6	0.03169960867763267	9.87931219537643E-6	0.027513508084960586	6.019906252475864E-6	0.011174967620781425	0.22758213271887046	7.803493278647222E-6	6.2027195670980935E-6	2.420395673397486E-6	8.073657291305826E-6	4.798180385570347E-6	1.2043288690904949E-5	0.038158886395010784	0.615682033928579	1.0992129830642043E-4	0.001875559924591226	0.03236929408692122	1.4089051286415522E-6
26	file:/C:/corpora/AI-articles/WoS-Core-corpus/WoS-Core-full-corpus_AI-tokenized-dehyphenated-uncompounded/123-ding-l-&-zou-d-automated-writing-evaluation-systems.txt	0.08246532977152629	4.145615221311604E-6	6.0883513476684655E-6	1.0060067464391475E-5	0.18757871569601353	1.3489207763672207E-5	1.0414076284600858E-5	0.4934669494773009	9.784903117533626E-6	0.22885037946865516	1.065488568802954E-5	8.469190089927416E-6	3.3048070010412255E-6	1.1023767491230862E-5	6.551433017657468E-6	0.003969761335691643	3.0475504036394214E-6	7.2161145153057675E-6	8.896575462908244E-6	0.003549217910202208	4.576077407166346E-6	1.923718334201814E-6
27	file:/C:/corpora/AI-articles/WoS-Core-corpus/WoS-Core-full-corpus_AI-tokenized-dehyphenated-uncompounded/124-hussain-f-et_al-revisiting-the-hybrid-approach-of-anomaly-detection.txt	1.4715847196134556E-5	5.852895056610105E-6	0.002998633392802442	1.4203083496222834E-5	0.016057720619716248	1.9044439298590996E-5	1.470288301045376E-5	1.1604627623989834E-5	0.0010104938283934087	0.34163557464151	2.143787103521054E-4	1.1957038500824628E-5	4.665818588278183E-6	1.556366204054773E-5	9.24949564195877E-6	2.321595632302088E-5	4.302616557498062E-6	0.002601553908424355	0.6187510261610064	4.261602624464514E-4	0.009773917083519929	0.0063814630284946315
28	file:/C:/corpora/AI-articles/WoS-Core-corpus/WoS-Core-full-corpus_AI-tokenized-dehyphenated-uncompounded/125-kim-js-et_al-enhancing-user-experience-with-a-generative-AI-chatbot.txt	0.02119700779250165	6.03825574231421E-6	8.86792925144036E-6	0.19990528173475744	0.16339950696200065	0.004749569862447556	1.5168522057503993E-5	1.1972145188018978E-5	1.4252105968180643E-5	0.09457155500203489	1.551927066426843E-5	0.0010405796924058048	4.813584663789387E-6	1.6056561885837927E-5	9.542426377608011E-6	0.0339560023957884	4.438880055767857E-6	1.0510561782300742E-5	0.001452499786643375	0.4796013493131809	6.665241274455365E-6	2.801973327957377E-6
29	file:/C:/corpora/AI-articles/WoS-Core-corpus/WoS-Core-full-corpus_AI-tokenized-dehyphenated-uncompounded/126-lu-my-et_al-a-multimodal-generative-AI-copilot-for-human-pathology.txt	6.408750695503596E-4	0.41594637841582816	6.783707659508636E-6	1.1209037195184265E-5	0.014717811494790194	0.006307643428358136	1.1603477694434963E-5	9.158342461913812E-6	1.6821778620888892E-4	0.40915662906262035	0.10116563549917579	4.813824846405145E-4	3.6822521050376677E-6	1.2282802305018564E-5	0.011491319508426278	0.004108520816994297	3.395613990612479E-6	0.034460099764031284	1.672280018205186E-4	2.1693909671662304E-5	5.098715495351069E-6	0.0011033508089765688
30	file:/C:/corpora/AI-articles/WoS-Core-corpus/WoS-Core-full-corpus_AI-tokenized-dehyphenated-uncompounded/127-stein-jp-et_al-attitudes-towards-AI.txt	1.8592239562620466E-4	5.083745213339734E-6	7.466111872063103E-6	0.014209850263978498	0.05307725096806464	1.896821519807135E-4	1.2770724642033786E-5	0.009359661787356826	1.1999173037341473E-5	0.369112715186661	1.3066027892975737E-5	0.010745091170409145	4.052666703408976E-6	1.3518385625471602E-5	8.033986384654056E-6	0.013178836260186644	3.737194348686264E-6	8.84908166042737E-6	0.3033529089623995	0.22649153309208053	5.611618631406363E-6	2.3590452444880367E-6
31	file:/C:/corpora/AI-articles/WoS-Core-corpus/WoS-Core-full-corpus_AI-tokenized-dehyphenated-uncompounded/128-huang-mh-&-rust-rt-the-caring-machine.txt	8.463518792029955E-6	3.3661729861132704E-6	4.635193966852268E-4	0.5757500267087674	0.08191952674626898	0.006545657502649511	8.456062705562736E-6	6.674164433832019E-6	0.0028740436414633934	0.22663607509830894	0.0013843788555615857	1.2152078463864879E-4	2.6834502136219385E-6	0.007919382864227841	5.319658402207387E-6	0.09516782096407612	2.4745619877630533E-6	5.859369104312811E-6	7.2238764075854176E-6	1.580948964984616E-5	0.0011501550842746128	1.5620283947703677E-6
32	file:/C:/corpora/AI-articles/WoS-Core-corpus/WoS-Core-full-corpus_AI-tokenized-dehyphenated-uncompounded/129-jecker-ns-et_al-AI-and-the-falling-sky.txt	2.003017272022783E-5	0.009504232576072563	1.1699865748555896E-5	0.010329563922885072	0.13988165676781558	0.07301150942189424	0.007617025349469283	1.5795400194390417E-5	5.614472300604987E-4	0.2992325626424382	0.00544691301599632	0.35870380906229266	6.350783000044344E-6	2.1184158456966765E-5	1.2589760739843352E-5	0.0621643119355112	5.856418026563629E-6	1.3867066178369375E-5	0.032575722758056175	8.513811620476271E-4	8.793758484281457E-6	3.6967719113017294E-6
33	file:/C:/corpora/AI-articles/WoS-Core-corpus/WoS-Core-full-corpus_AI-tokenized-dehyphenated-uncompounded/13-chang-pc-et_al-does-AI-driven-technostress-promote-or-hinder-employees-AI-adoption-intention.txt	1.546170881518791E-5	6.149544629338699E-6	9.031370817800128E-6	0.01970219205469736	0.09771506080557595	2.0009692344500684E-5	0.0012720822853340148	1.2192799424959193E-5	0.0010617099461502513	0.11767735016661823	1.5805300675808865E-5	1.2563071981360559E-5	4.902302085291968E-6	0.3483134643137818	9.71829935424184E-6	2.4392639563895296E-5	4.52069143344433E-6	2.2014331107319366E-4	0.006086929005114319	0.40780667898915085	6.7880859029108545E-6	2.8536154753668483E-6
34	file:/C:/corpora/AI-articles/WoS-Core-corpus/WoS-Core-full-corpus_AI-tokenized-dehyphenated-uncompounded/130-loeffler-hh-et_al-reinvent-4.txt	1.3862019221870252E-5	0.027044419721852595	9.469478900859935E-4	1.3379006577765014E-5	0.026392246832715037	1.793946213957383E-5	0.004332564026699572	1.0931315679103272E-5	0.012218074986737479	0.3274466470168645	1.4170062597498131E-5	1.1263279329144654E-5	0.003947568955748311	1.4660643012482143E-5	8.712830778449272E-6	0.0052794340803745685	0.5922312115920545	9.596798819482009E-6	1.1831664356043371E-5	2.5893656621936004E-5	6.085781228361153E-6	2.558376505739474E-6
35	file:/C:/corpora/AI-articles/WoS-Core-corpus/WoS-Core-full-corpus_AI-tokenized-dehyphenated-uncompounded/131-shumailov-i-et_al-AI-models-collapse-when-trained-on-recursively-generated-data.txt	4.516309157616142E-4	0.030294233415346268	0.01726198699019352	2.9967301415515414E-5	0.016636577644665973	4.0182151495633884E-5	0.0021339304681651924	0.003389138591407754	2.914763167172097E-5	0.6207236327265274	3.1739167961967206E-5	2.52283369936131E-5	0.02272125770887998	3.283800673440694E-5	1.951565122586152E-5	0.04000424770979534	0.20777645101432932	0.014741856054266774	0.017690933958590442	5.799855230126054E-5	0.004640030379573145	0.0012674756226972658
36	file:/C:/corpora/AI-articles/WoS-Core-corpus/WoS-Core-full-corpus_AI-tokenized-dehyphenated-uncompounded/132-bouzid-t-et_al-optimizing-eriochrome-black-t-adsorption.txt	8.363861392812762E-5	3.3265365118105096E-5	4.8854324324731036E-5	8.072428323675295E-5	0.10486053308492381	0.02050116285811752	0.047667050457461196	6.595576569166326E-5	7.851630155561292E-5	0.27515630812107766	8.549724076703784E-5	6.795871916615983E-5	2.6518527568442423E-5	8.845723276191349E-5	5.257019760512976E-5	1.3194961744257986E-4	0.5506333581906678	5.790375403189434E-5	7.13881571914879E-5	1.56233339077524E-4	3.671949219395686E-5	1.543635609080234E-5
37	file:/C:/corpora/AI-articles/WoS-Core-corpus/WoS-Core-full-corpus_AI-tokenized-dehyphenated-uncompounded/133-valaskova-k-et_al-digital-twin-simulation-modeling.txt	0.004807502971337042	3.807478911655243E-6	7.836344399665828E-4	9.16955984458689E-4	0.4155469062382014	0.0014388005501396162	0.15769288190990965	7.549148674048498E-6	1.3866058001120403E-4	0.16440939763649864	9.785821982396767E-6	0.0032496229181751173	3.0352510524539286E-6	0.03956062771058958	6.017066641307987E-6	1.447764372307814E-4	2.7989775400314097E-6	1.3630131415816413E-4	8.170927993229339E-6	0.01428199798695739	0.19684900183895343	1.7668106175856344E-6
38	file:/C:/corpora/AI-articles/WoS-Core-corpus/WoS-Core-full-corpus_AI-tokenized-dehyphenated-uncompounded/134-zhang-p-et_al-AI-enabled-space-air-ground-integrated-networks.txt	2.645410465565956E-5	1.0521521207887139E-5	0.08350827071353585	2.553232934770101E-5	0.07545031419838014	3.4235445883511015E-5	0.011134917387851627	2.086118655374614E-5	0.642167026430904	0.18413901789788956	2.704197079311851E-5	2.1494701844665252E-5	8.387560131166247E-6	2.7978188340669492E-5	1.6627457628719928E-5	4.1734419368783444E-5	0.003232779139412094	1.8314411217187347E-5	2.257940074355048E-5	4.9415131463220444E-5	1.1614029020571015E-5	4.882373826508184E-6
39	file:/C:/corpora/AI-articles/WoS-Core-corpus/WoS-Core-full-corpus_AI-tokenized-dehyphenated-uncompounded/135-grewal-d-et_al-AI-is-changing-the-world.txt	0.0016717172164813238	6.079513817127398E-6	8.928521863629679E-6	0.25427700132650916	0.25769025655409805	0.019689906895666198	2.223261133732957E-4	1.2053948225671093E-5	1.4349487476910068E-5	0.1823874538246995	1.5625310430955607E-5	0.1198966559756103	4.846474830197297E-6	0.048466790136966816	9.60762768046568E-6	0.11535316396944588	4.469209947916055E-6	1.0582378141668223E-5	2.201007097310195E-4	2.8552903004236195E-5	6.71078340365376E-6	2.8211185960816308E-6
40	file:/C:/corpora/AI-articles/WoS-Core-corpus/WoS-Core-full-corpus_AI-tokenized-dehyphenated-uncompounded/136-matz-sc-et_al-the-potential-of-generative-AI-for-personalized-persuasion-at-scale.txt	1.3167269054094943E-5	5.236983160304272E-6	1.8605049553947536E-4	0.014281455239811607	0.054677144083778946	0.004832742391385174	0.0017967490160286888	1.0383449363200327E-5	1.2360860841185307E-5	0.3509878483111358	1.3459873612082036E-5	1.0698775336012285E-5	4.174825131752783E-6	1.3925866640469462E-5	8.276152647490166E-6	0.03943818586141095	3.849843579788061E-6	9.115817118098863E-6	0.49049940907456147	0.04318755488843795	5.780768122999344E-6	2.430153302601028E-6
41	file:/C:/corpora/AI-articles/WoS-Core-corpus/WoS-Core-full-corpus_AI-tokenized-dehyphenated-uncompounded/137-kuckelman-ij-et_al-assessing-AI-powered-patient-education.txt	4.912916457658228E-5	0.0013505138195436359	2.8696938259760682E-5	4.741729220755704E-5	0.03430991695542591	6.358026011679259E-5	4.908588337072139E-5	0.001369716099380947	4.612032791917197E-5	0.292727218034087	0.6189530409939139	3.9918823872393E-5	1.5576933237537786E-5	5.195961222030239E-5	0.050607884286563806	7.750695721385564E-5	1.4364375638446072E-5	3.401255625636551E-5	4.193326932095477E-5	9.177116964760407E-5	2.1568960680238526E-5	9.06728654661164E-6
42	file:/C:/corpora/AI-articles/WoS-Core-corpus/WoS-Core-full-corpus_AI-tokenized-dehyphenated-uncompounded/138-bouderhem-r-shaping-the-future-of-AI-in-healthcare-through-ethics-and-governance.txt	1.269843787343494E-5	5.050516172498746E-6	7.417310894455262E-6	1.2255969431061336E-5	0.2044420004698454	0.40045270457756077	0.0034528614000868233	1.0013738316492535E-5	1.192074247204295E-5	0.14050862204187411	0.00654931150735201	0.2026365752204159	0.008432452842493218	0.005861726078499355	7.981473591331704E-6	0.012232651488451029	3.7127668098479E-6	8.791241134681115E-6	0.01531961347511477	2.3720136631389623E-5	5.574939235240373E-6	2.3436257442012916E-6
43	file:/C:/corpora/AI-articles/WoS-Core-corpus/WoS-Core-full-corpus_AI-tokenized-dehyphenated-uncompounded/139-varghese-j-&-chapiro-j-chatgpt-the-transformative-influence-of-generative-AI-on-science-and-healthcare.txt	5.1891831306425277E-5	2.0638801075047867E-5	3.0310645255633128E-5	5.008369569172096E-5	0.13253779610875566	0.17860605282033393	5.184611628048034E-5	0.010584556542899673	0.019027257997457726	0.32465206573721084	0.05277122330498168	0.04081088814130196	0.005639725221548007	5.4881442730015475E-5	3.2616081230315837E-5	0.23344766811410608	1.5172123602681107E-5	3.5925174929534724E-5	4.4291291262198354E-5	0.001502749801192688	2.2781842083416097E-5	9.577164764329538E-6
44	file:/C:/corpora/AI-articles/WoS-Core-corpus/WoS-Core-full-corpus_AI-tokenized-dehyphenated-uncompounded/14-jia-n-et_al-when-and-how-artificial-intelligence-augments-employee-creativity.txt	8.278449354819628E-6	3.2925658074207337E-6	4.835542229738055E-6	0.025238826428987747	0.061513464552358794	1.0713513406535959E-5	0.010773428035914993	0.00841680703450868	7.77144904044488E-6	0.3319110073542036	0.0029240257355627195	6.726472240667591E-6	2.6247719459864233E-6	0.5353510360492106	5.203334895302102E-6	0.010441805941463343	2.420451421499688E-6	5.66416498038122E-4	7.065913889384623E-6	0.012799087582421338	3.6344511486474804E-6	1.5278719495576588E-6
45	file:/C:/corpora/AI-articles/WoS-Core-corpus/WoS-Core-full-corpus_AI-tokenized-dehyphenated-uncompounded/140-aguinis-h-et_al-how-to-use-generative-AI-as-a-human-resource-management-assistant.txt	0.01213855677909485	7.735673393056246E-6	1.1360798099548712E-5	0.009766749419803494	0.3953347871654964	2.5170716533077766E-5	2.8289140407218355E-4	1.5337642018002742E-5	1.82585239244635E-5	0.26895703561476436	0.002391011550134453	1.580341757300363E-5	6.166734301755168E-6	0.21684720360732268	1.2224903512644096E-5	0.09382203466538552	5.686696259276229E-6	2.769240418231323E-4	1.6600914080000538E-5	3.633118349729333E-5	8.538911199767075E-6	3.5896377109767735E-6
46	file:/C:/corpora/AI-articles/WoS-Core-corpus/WoS-Core-full-corpus_AI-tokenized-dehyphenated-uncompounded/141-banihashem-sk-et_al-feedback-sources-in-essay-writing.txt	0.4327002464852853	8.040722937857398E-6	1.1808801280752815E-5	1.9512234227983447E-5	0.16062728847488378	3.0001142195942545E-4	2.0198860142088623E-5	0.08819503715237462	1.8978532917720393E-5	0.31625877023145715	8.422102879431462E-4	1.6426611584952818E-5	6.409914099566778E-6	2.1381400683950297E-5	1.2706981938436676E-5	3.189414310786007E-5	5.910946174852004E-6	1.3996180158530815E-5	1.725555667232261E-5	8.593082324929897E-4	8.87563572809638E-6	3.7311919486101042E-6
47	file:/C:/corpora/AI-articles/WoS-Core-corpus/WoS-Core-full-corpus_AI-tokenized-dehyphenated-uncompounded/142-aldoseri-a-et_al-AI-powered-innovation-in-digital-transformation.txt	0.00773012897960547	3.908333786864668E-6	0.007459824866847374	0.018511588083537835	0.7369635682513526	0.03209190433079693	0.006132816395605175	7.749115230692553E-6	0.009726157070056455	0.09422352633534566	1.0045034936100878E-5	7.984441393808445E-6	3.1156506746783456E-6	0.017980061982190335	0.005064305552701336	0.004940523146838498	2.87311860215252E-6	6.803087760067402E-6	0.013851688065515903	0.0056089195340292535	0.03967069501219425	1.8136109987538178E-6
48	file:/C:/corpora/AI-articles/WoS-Core-corpus/WoS-Core-full-corpus_AI-tokenized-dehyphenated-uncompounded/143-nachbar-m-et_al-automatic-AI-based-contouring-of-prostate-mri.txt	2.4447921302383787E-5	9.723607198959024E-6	1.4280326039340148E-5	2.3596050090683943E-5	0.00647626448130513	3.163915383290179E-5	2.4426383474010788E-5	1.9279149824910856E-5	0.0020099298581063717	0.23872536537577027	0.005985928837058854	1.986462161380142E-5	7.751477990841556E-6	2.5856424008272887E-5	0.6702896868059756	3.6973263410272384E-4	7.148078502723007E-6	0.07585329871032377	2.086706088218373E-5	4.566766711196569E-5	1.073326318143888E-5	4.512112302910766E-6
49	file:/C:/corpora/AI-articles/WoS-Core-corpus/WoS-Core-full-corpus_AI-tokenized-dehyphenated-uncompounded/144-wen-d-et_al-task-oriented-over-the-air-computation.txt	1.500599680360266E-5	5.9682954940156736E-6	0.812463420914956	1.448312303770083E-5	0.016577593808079757	1.9419934947145143E-5	1.4992777005496953E-5	1.1833433896917065E-5	0.04412283361205062	0.12660820953667917	1.533946177981262E-5	1.2192793193113534E-5	4.7578136609276125E-6	1.5870527854771278E-5	9.431866217979511E-6	2.3673700992718897E-5	4.3874504436212985E-6	1.0388784642771197E-5	1.2808084786664436E-5	2.803055761813699E-5	6.588016666152861E-6	2.769509192929759E-6
50	file:/C:/corpora/AI-articles/WoS-Core-corpus/WoS-Core-full-corpus_AI-tokenized-dehyphenated-uncompounded/145-yu-f-et_al-heterogeneity-and-predictors.txt	1.227815974624407E-5	4.883360062473158E-6	7.171821365539618E-6	1.1850335609741415E-5	0.02703564375816688	0.006668520251207451	1.226734308440685E-5	9.682315252665195E-6	1.1526203602710381E-5	0.31364978208425043	1.2551006415563656E-5	9.976349091452818E-6	3.892923404975447E-6	1.2985533637546524E-5	0.6278497238456254	1.9370221543938694E-5	3.5898859722919956E-6	0.0016716579120621851	1.0479791053690564E-5	0.022974510413318647	5.390426380640254E-6	2.266059145189157E-6
51	file:/C:/corpora/AI-articles/WoS-Core-corpus/WoS-Core-full-corpus_AI-tokenized-dehyphenated-uncompounded/146-kollitsch-l-et_al-how-does-artificial-intelligence-master-urological-board-examinations.txt	2.966432311046199E-5	0.0012172667161954784	1.732728932305691E-5	2.8630689920964568E-5	0.05085313119817447	0.0016456811382458902	2.963818980071954E-5	0.03136557118686275	2.7847579358328954E-5	0.30613643186927736	0.582271562309539	2.4103094358431837E-5	9.405394628848802E-6	3.137335509124558E-5	8.222908098759381E-4	0.025361635380241346	8.673249054636293E-6	2.053687391791146E-5	2.5319421995784328E-5	5.5411681678567863E-5	1.3023397085820263E-5	5.474852262845954E-6
52	file:/C:/corpora/AI-articles/WoS-Core-corpus/WoS-Core-full-corpus_AI-tokenized-dehyphenated-uncompounded/147-chanda-t-et_al-dermatologist-like-explainable-AI.txt	1.0513809914088162E-5	4.181629861478092E-6	6.141243324199771E-6	1.014746334906454E-5	0.02001750697092335	0.0030043525241395166	1.0504547587419356E-5	8.290983681486854E-6	9.869908537966839E-6	0.3385053561826534	0.007273988050814795	8.542765377865938E-6	0.1261843369134369	1.111953542874584E-5	0.03190790040300312	1.6586754979226055E-5	3.0740257095510937E-6	0.46912717179164554	8.973863620854867E-6	0.0038648843699093513	4.615831646861788E-6	1.9404304552958785E-6
53	file:/C:/corpora/AI-articles/WoS-Core-corpus/WoS-Core-full-corpus_AI-tokenized-dehyphenated-uncompounded/148-mei-q-et_al-a-turing-test-of-whether-AI-chatbots-are-behaviorally-similar-to-humans.txt	0.018661209326171574	1.0132999749049917E-5	1.4881569896043936E-5	2.4589513413609174E-5	0.054718689108833714	3.297125555249371E-5	2.5454806282060242E-5	7.103031579942569E-4	2.3916937665786652E-5	0.3260801850535438	0.008998803297384311	2.070098078922507E-5	8.077838083008153E-6	2.6945055741783416E-5	1.6013466175675886E-5	0.15395753601488305	7.449033696264037E-6	1.7638126712004536E-5	0.4365810247960342	4.7590410628144656E-5	1.1185165227123774E-5	4.702085542695985E-6
54	file:/C:/corpora/AI-articles/WoS-Core-corpus/WoS-Core-full-corpus_AI-tokenized-dehyphenated-uncompounded/149-lombardo-r-et_al-quality-of-information-and-appropriateness-of-open-AI.txt	5.800798153654549E-5	2.307136135990583E-5	3.388316245705204E-5	5.5986732821425445E-5	0.04129629719447052	0.031505323892406054	5.795687837995621E-5	4.574395316687637E-5	5.4455376016509195E-5	0.2576253299657482	0.6058774266268989	4.713311162742903E-5	1.839205822909095E-5	6.134995887469336E-5	0.05189637803276464	0.011092102925774725	1.69603624242403E-5	4.015943996471718E-5	4.951161562589207E-5	1.0835641844076587E-4	2.5466988573588143E-5	1.0705962438309499E-5
55	file:/C:/corpora/AI-articles/WoS-Core-corpus/WoS-Core-full-corpus_AI-tokenized-dehyphenated-uncompounded/15-belanche-d-the-dark-side-of-AI-in-services.txt	5.259202117113449E-4	5.023728297157564E-6	7.37796956916867E-6	0.31380294344471127	0.19206528185049881	0.015586116616763809	0.0010391982103287174	9.960625572258176E-6	1.1857515001343171E-5	0.16645440060978361	1.291177494205504E-5	0.16066975961033747	4.004822339137034E-6	0.03525921212438196	7.939139954075425E-6	0.07016944091626494	3.6930743405880936E-6	8.744612500385781E-6	0.02464865908154949	0.019699677496143774	5.545369826457666E-6	2.331195182227467E-6
56	file:/C:/corpora/AI-articles/WoS-Core-corpus/WoS-Core-full-corpus_AI-tokenized-dehyphenated-uncompounded/150-mugge-d-eu-AI-sovereingty.txt	1.4733468646750551E-5	5.859903589644326E-6	8.605996941976358E-6	2.137946310154826E-4	0.18172381715614097	1.9067244009875137E-5	0.0062015312312969	1.161852355331471E-5	1.3831141059110707E-5	0.19455908010135273	1.5060877471107976E-5	0.598336442504635	4.671405659871189E-6	0.006002818500988346	9.26057142499085E-6	0.012796014321077614	4.307768713821581E-6	1.0200110983321382E-5	1.2575473532283976E-5	2.752148672446775E-5	6.468369830102185E-6	2.7192113522989444E-6
57	file:/C:/corpora/AI-articles/WoS-Core-corpus/WoS-Core-full-corpus_AI-tokenized-dehyphenated-uncompounded/151-wei-ch-et_al-pubtator-30-an-AI-powered-literature-resource-for-unlocking-biomedical-knowledge.txt	2.780936647958189E-5	0.48783262837627234	0.022994711460618888	2.6840367993921E-5	0.06085757187654761	0.005309736030372723	2.778486732666861E-5	2.192991936878645E-5	2.6106226562502842E-5	0.3224026828227544	0.027150553128385303	0.0011526844642045131	8.81726055722813E-6	2.9411530011241062E-5	1.7479293623413825E-5	0.038466884022365935	0.008672143298813847	0.024504505110356317	2.373615884340289E-5	4.286428937253268E-4	1.2209023648375912E-5	5.132501167550834E-6
58	file:/C:/corpora/AI-articles/WoS-Core-corpus/WoS-Core-full-corpus_AI-tokenized-dehyphenated-uncompounded/152-lee-s-et_al-using-AI-chatbots-in-climate-change-mitigation.txt	1.5116613835986365E-5	6.012290914285159E-6	4.1835878487823654E-4	0.5676217675375215	0.02652849161893817	1.956308942072347E-5	1.5103296587850893E-5	0.009635851887125069	1.4190821137542811E-5	0.1885613239542911	1.5452536956533884E-5	1.2282672633789322E-5	4.792885987990891E-6	0.0020636324588205403	9.501393425303887E-6	8.429061886049442E-4	4.419792630158846E-6	1.0465365795112962E-5	0.026837051227275893	0.17735428907815456	6.636580374545046E-6	2.789924690286638E-6
59	file:/C:/corpora/AI-articles/WoS-Core-corpus/WoS-Core-full-corpus_AI-tokenized-dehyphenated-uncompounded/153-tai-seale-m-et_al-AI-generated-draft-replies-integrated-into-health-records.txt	2.517319110960656E-5	1.0012066844729047E-5	1.4703964891311613E-5	2.4296048364108548E-5	0.02644566138293296	3.257775808956892E-5	2.5151014341978204E-5	0.0034297256745745414	2.3631499512622188E-5	0.26353871820207503	0.6547216541119506	2.0453923669800363E-5	7.981432631098071E-6	0.006846372660821337	3.5680981161031116E-4	0.026977722900481584	7.3601327487082354E-6	1.7427623411610967E-5	2.148610121024024E-5	0.01743738285532288	1.1051675189649757E-5	4.6459682156333135E-6
60	file:/C:/corpora/AI-articles/WoS-Core-corpus/WoS-Core-full-corpus_AI-tokenized-dehyphenated-uncompounded/154-ferraro-c-et_al-the-paradoxes-of-generative-AI-enabled-customer-service.txt	8.986058633890928E-4	8.583719741840277E-6	1.2606259594373845E-5	0.3265660784714591	0.16708946506643074	2.7930131669621036E-5	6.062455356804084E-4	0.016680474016855604	2.0260169257916445E-5	0.1972921607408917	0.0011914267739995918	0.010541823245003693	6.8427810067801E-6	0.0234101304835544	1.3565095149669629E-5	0.2543709918014154	6.310117357128149E-6	1.4941354013268302E-5	1.842083897298516E-5	0.0012096793571704891	9.47501489722328E-6	3.983162488920974E-6
61	file:/C:/corpora/AI-articles/WoS-Core-corpus/WoS-Core-full-corpus_AI-tokenized-dehyphenated-uncompounded/155-wen-d-task-oriented-sensing-computation-and-communication-integration.txt	1.3069365235985171E-5	5.198044133186047E-6	0.8191400790378099	1.2613972081613352E-5	0.012490771576886519	1.6913652988542428E-5	1.3057851547687704E-5	3.6437257027878173E-4	0.05294518468111666	0.11487137381732866	1.3359794164135465E-5	1.0619225738431265E-5	4.143783666840048E-6	1.3822322351293913E-5	8.214616201312923E-6	2.0618440001737622E-5	3.821218480381481E-6	9.048037436724863E-6	1.1155109536621697E-5	2.4413013015690307E-5	5.737785841060411E-6	2.4120841581232125E-6
